261922 280337 540257 288324 874788 466277 785175 661351 272758 481024 
557538 283922 277694 628390 779450 434765 263452 024248 005027 841782 
488535 854032 739931 069401 049172 586513 123809 349055 067966 728599 
171387 661142 127801 273374 625546 303802 267219 139609 427283 698024 
607093 666445 277551 706010 516330 256578 973227 647637 270857 792868 
865115 961279 499223 509166 605821 731818 802501 475295 505738 193988 
107616 054580 149085 204441 086985 040494 499859 159185 786692 296801 
321135 494028 363137 734132 910280 446627 728426 874179 281003 343326 
829400 953773 280152 180984 529402 545987 300203 676305 704606 924298 
859672 618516 150280 116804 847015 497091 425927 219960 958700 462024 
744087 039080 273499 141157 876354 158470 479382 996862 138744 131579 
378290 484840 715062 530054 573735 031312 505333 658533 941131 866916 
221907 520666 190803 706372 176683 113668 486289 147171 655000 205997 
930130 701047 324759 510228 871468 301893 787732 955531 682797 767943 
335155 478040 496368 922093 570599 942267 448766 444674 240144 683700 
138098 575480 984871 178145 202729 423925 124805 046577 346268 442123 
235485 388718 095081 968871 579595 844571 058780 109145 535551 151502 
950519 514850 179315 406350 349904 805463 322927 012178 857775 800695 
018272 709471 186549 919439 695928 171727 112866 613464 578268 954584 
957847 004874 552179 247617 790842 605959 762649 077618 669579 533147 
012945 706295 178533 341203 587319 637437 064213 824640 822001 418699 
545417 598137 234053 393305 795297 516129 271145 095456 423251 093135 
390618 412816 056625 765396 545099 952589 016843 824181 026539 808980 
564034 037315 715362 418582 790939 271140 167384 945688 507451 526351 
040813 148619 908816 818775 005201 629937 589847 899233 457044 728783 
962463 193851 511087 359065 966311 897169 764275 568564 957132 026409 
609286 866537 683863 060753 878445 602932 759271 368990 185989 296146 
755675 167681 957618 432789 427575 623777 237970 649018 937414 142150 
437065 012007 840436 794585 232396 838515 786275 928812 117445 706197 
907109 907555 862459 179856 475791 459805 531854 060502 445107 694486 
841397 546104 050288 247927 909000 838477 153922 748499 750133 951853 
119512 817338 282943 233295 680556 854882 954813 834641 896278 042330 
657619 035530 630620 790243 131385 806814 381758 968501 165598 027898 
670962 196088 488168 395665 420835 183528 644130 420664 860017 147153 
007192 743464 498893 283226 233257 846289 064447 387284 683246 564573 
690547 781619 283795 231346 624766 677698 355942 166106 254529 577141 
450209 461326 505922 472938 547836 519412 819978 706079 148310 002899 
414976 173636 818702 913254 604779 874542 658616 667379 582759 096895 
471246 640564 710617 744033 175137 405396 381830 302781 814257 671914 
173828 063330 798957 991761 597211 447546 728968 633112 827120 722264 
105824 021303 953314 267970 772633 582935 883422 456445 969047 607638 
610307 237187 255198 704239 245785 700067 338423 842148 775598 563220 
347719 487486 799997 651226 953007 348053 579560 317096 516987 595179 
943599 314563 073369 370162 503473 013664 484113 466443 560165 102232 
718387 932576 681967 858126 670829 271159 165130 493780 512101 148910 
062694 277741 503328 475550 426107 724098 263823 926263 640339 612882 
797965 143885 244305 472040 351329 515382 187356 903172 507056 075224 
954570 575505 669441 418193 362225 772036 623714 995688 261325 685658 
607888 479014 618154 056720 679107 071436 341710 011165 477322 213252 
743036 297914 602195 990268 285801 809798 830275 103866 152381 153652 
122136 116613 954630 866472 294861 066869 265947 851253 804270 536008 
238142 630440 256136 160459 931628 356507 604787 586456 172492 878763 
734204 368318 210508 832051 820512 220742 389126 339224 715613 799296 
650883 848099 052775 094908 671330 544315 727546 510915 773580 464978 
406694 687168 805435 774069 698980 494517 506983 101575 894222 020841 
975804 188472 587098 962538 621888 442484 780852 626867 843343 637387 
703822 212980 946625 818618 699388 296847 580220 543654 349790 275840 
893081 454410 756772 433801 558715 400156 860872 022847 386780 881990 
528396 492028 948190 170852 651925 210718 401557 621251 686277 000976 
753812 434647 285392 921912 123206 817033 851772 443694 815291 947301 
388120 839784 784559 972144 585304 224826 578087 808294 219175 482738 
514337 928844 272768 507198 860675 609891 150927 166981 242493 836195 
714698 367808 582288 223937 245199 843410 718141 430205 060496 765058 
559419 869891 752366 853422 231079 681274 158940 809334 671130 523959 
699702 076458 901947 058905 512505 229783 538155 535114 755566 208485 
759286 943303 118711 263912 829470 702436 722591 222666 563545 790443 
026096 129301 437851 734021 530738 345446 159963 359514 528146 437788 
264827 887762 583006 525358 382320 168524 575830 426099 160486 845785 
219330 373025 285852 436176 697362 593222 270102 254704 893803 330447 
788600 367035 929870 639098 566296 329414 995539 127139 145248 266186 
489569 956538 070949 964255 989816 595712 897300 755458 035290 850893 
471314 218449 337779 142545 662358 077589 061299 345524 238710 361018 
629481 225266 515477 341797 149692 746975 441125 134749 885390 382413 
905638 618544 478585 992451 170623 436425 039267 544716 201391 255102 
586679 905890 151520 721927 092902 506297 063406 196595 857591 163335 
527288 081917 057121 878738 170008 327912 873355 507895 986284 901768 
094961 139646 375944 213124 744346 948758 384703 641153 059726 193250 
567783 812053 945433 086335 910076 939328 754429 188441 217906 204370 
182059 910019 016685 882922 841475 323128 166015 140121 500646 279470 
701315 681705 449543 392368 580589 257744 119159 637357 216746 951972 
486222 943690 867805 463150 150537 743087 338504 816521 348125 239520 
706298 966590 245754 176020 284066 016088 082891 491763 561511 842676 
363405 982348 211247 619550 265948 740303 823382 526767 243567 017032 
368253 948354 055482 294561 440682 506516 320322 155176 595498 445026 
178272 269037 033647 588145 517430 362950 431140 812112 365157 454058 
712392 148339 051329 936788 165573 787020 360953 175132 440363 886962 
534959 223346 503148 126604 340221 174288 311492 772687 810151 813245 
663864 018496 977903 834122 659760 402598 973471 271397 055222 729319 
920306 674232 386992 139376 736666 029870 558769 982570 843166 236934 
610734 324112 983665 489962 498529 562107 895053 158304 688476 050787 
773680 823255 021537 352739 333580 805507 285994 213972 533335 637696 
246317 546729 472426 473310 107059 469368 454226 457779 804836 284767 
478840 018134 725392 735856 585346 622425 042868 123587 611701 411612 
447081 414380 557486 364283 155480 428118 305823 651046 854431 908137 
842450 625762 348509 379561 050468 831757 362893 558526 775170 138113 
609955 582987 691532 233162 779572 877795 840198 121495 705935 134900 
527180 622166 857219 866524 555743 600906 979397 269766 075754 028662 
350761 904074 610593 630249 236848 934985 968413 662418 771762 662212 
322482 194598 440292 145196 795067 809252 090674 766406 545304 471963 
918662 206535 196089 424181 805432 353545 894303 581031 441976 414748 
222494 164725 235132 894169 196734 572432 382076 060560 952266 778769 
965536 239466 995919 704332 577949 449261 435917 030011 728358 670987 
161127 346023 037362 018803 869412 465429 203634 174902 699058 074262 
166282 751307 386843 674762 064139 991653 109058 004188 447739 388988 
904641 465135 829178 672581 482272 503342 835181 741273 196501 125393 
802316 522023 005608 762602 864403 926852 004032 026822 707782 245644 
032803 273208 494703 569796 306548 959538 927206 037617 555555 904603 
082689 037655 622985 778235 895590 887472 221679 391657 057638 089389 
435605 700663 981063 190306 572629 120800 833424 158408 698977 653207 
741797 429889 459447 835091 712759 971661 879822 383141 614404 981125 
874592 109275 937263 954877 323523 086118 801598 443641 692290 983354 
539121 405577 265288 726638 622849 446672 294392 111405 764817 268087 
377827 951854 459849 740530 771156 646047 920969 242895 338836 197259 
228940 980631 711594 208341 623833 522100 404087 135819 587627 219183 
154780 334910 859290 615023 166604 357510 946466 906179 049257 501642 
435348 454686 783153 935186 648329 555708 747339 510445 507444 911633 
955251 276289 779538 035360 401437 589794 372398 926651 283759 580906 
112194 764135 115815 741457 963392 645828 556794 361432 444359 427444 
807004 537808 560709 101186 906990 053411 820310 695561 069675 825189 
621744 506970 110444 247718 607975 597498 035057 089557 855323 779842 
760656 335537 906840 931258 083694 065784 049434 707498 913545 905221 
262265 645942 985802 869359 006351 043626 213389 027041 771485 601136 
145830 117459 457478 193981 448264 024611 705012 255565 824181 758168 
301880 629095 140115 661327 058862 594169 145503 054885 793394 709664 
876228 602571 178015 839627 257921 465464 357134 524774 369245 017310 
328883 748773 808090 413434 534667 660578 854575 956448 326704 780332 
880540 210764 248284 200038 118041 109065 959897 410024 399352 452845 
227001 303921 531840 350896 972528 729443 804155 424351 429702 627801 
261449 509334 901301 616111 129354 426934 010642 142996 764576 185752 
038106 714993 456951 159098 607572 907080 975054 023297 774818 860649 
806278 747381 195718 912471 109524 879165 564757 898000 841114 029944 
502407 780550 833822 508018 607278 332184 575724 776791 636215 658927 
323710 811264 949694 693592 637132 678072 891776 489322 524339 444029 
446791 106922 223574 666541 774672 111863 232366 897805 351567 750892 
464087 673835 920505 210297 176454 462614 840610 627676 810684 505938 
475406 876978 944122 114005 469166 813433 690080 734679 041622 442100 
488043 218402 793786 606960 454144 915834 884774 952216 401304 593795 
917789 793195 339032 122484 180219 092500 350565 350312 518658 640219 
013709 681487 953162 636260 858721 223969 216696 255019 049265 706355 
597885 376505 145595 391495 415168 790641 506386 709478 974986 516265 
978963 353958 610266 795647 747218 292953 919894 428749 493176 817661 
050080 978048 252942 408921 815229 775966 937422 243840 901253 771524 
104641 089297 592336 077694 453744 557089 042931 309036 580512 878599 
818362 763141 338683 682242 333037 967291 591849 041262 654565 389653 
849413 162879 582350 786854 626661 300143 345140 848193 551066 493949 
879285 464445 806622 624766 990479 034194 647457 971905 760134 729772 
588188 338696 549925 657818 195453 348284 898185 687758 633521 304244 
020608 617823 043706 846142 969597 089584 875868 601493 152117 241979 
550373 094488 531663 020507 367321 779374 987195 702067 433543 616972 
256406 111015 877692 410042 141107 506961 106859 299263 234152 355705 
829019 240029 881624 183863 568434 431907 862038 911946 249556 869507 
236317 924341 821083 764319 785504 402020 867522 443489 014679 308840 
805554 584020 793149 050139 812104 345538 450644 825737 970584 905192 
914765 195973 475233 286999 665010 349586 094014 339221 233715 592335 
780438 659285 397201 874875 504651 411185 341739 082849 484140 292019 
774652 641522 871418 387882 436469 112441 405350 001772 674016 637033 
933685 007710 657368 426425 570812 066942 176466 111114 606214 449684 
390999 441738 423075 419992 968244 522314 234373 381540 204807 670954 
860944 012515 684894 284319 176892 654513 831895 402398 530116 478389 
507966 807036 980017 356734 195773 154166 777634 735357 780789 587015 
928774 162651 369851 277970 554853 140590 965831 727022 497036 863352 
657233 760699 226778 838748 339070 918559 137464 346277 955766 860620 
897736 352220 576034 548884 067734 573945 257446 784964 793548 599059 
867346 792672 693380 075680 161957 238427 020331 694864 247442 684872 
908411 745496 748115 307417 380415 716468 152361 611092 495218 584607 
412162 352606 171734 168666 410133 067663 240326 734766 990578 739920 
847733 757599 294476 082528 888876 813081 838414 224517 958951 037995 
125050 961590 659826 384065 969352 963360 289415 843927 644606 856265 
792610 318018 279994 184014 290537 946941 941216 526895 138292 911109 
019642 012543 182063 978768 868619 815056 493605 292004 215454 894796 
956072 449008 353543 433766 861039 458212 579756 859741 345796 325413 
677938 251199 720340 403044 172127 097967 982125 460109 342679 466616 
378639 300403 098745 272872 756441 508483 023036 704010 249988 337338 
393219 844515 303563 536498 257489 375768 054598 344098 091345 513677 
958294 094767 493142 317149 668600 635410 387159 018836 371220 124898 
174697 393045 210996 782224 478981 389639 958186 486529 093754 787985 
098642 086173 201562 647935 387784 507364 051166 411752 893971 116748 
212437 722944 726279 978747 382997 005685 391911 564645 914379 459217 
548936 242655 002971 490142 595643 897089 467523 872748 737041 286718 
072407 659055 751746 500269 635964 789592 751703 570605 378080 072283 
107304 568102 334199 406284 934794 139380 833194 851823 559651 328756 
096722 039108 321339 266859 382203 666868 387239 136132 477055 248223 
828421 221178 058754 231330 859870 008708 574677 794190 066757 909158 
680136 883647 562276 071136 092324 938223 858979 002727 023553 922359 
779147 736473 399348 279072 022547 601463 504454 239211 114984 257724 
145264 963795 770381 808509 214555 440873 829762 733860 891144 310489 
397645 415804 815810 259653 257912 130978 152034 637310 313089 446673 
305736 000295 993966 825835 886579 938084 009334 373654 139284 303601 
619115 109333 693812 836117 647152 956798 176342 318039 459411 935344 
819244 033281 392847 340116 913365 380940 874061 390194 019713 999470 
896054 025030 895505 812952 557372 891497 902787 701180 338987 347374 
067694 240307 911957 981663 007558 507421 621851 210674 056143 078947 
296555 685274 823529 094797 701638 015615 488697 579994 839455 220787 
185083 270497 256995 798723 185384 593952 719104 635283 663816 900199 
158407 183185 177281 401268 451742 530686 024644 466058 967095 406953 
812398 966928 979499 553523 693402 686383 842452 802881 391906 499166 
943167 275627 513367 530427 767996 473971 239364 949447 484632 049139 
657566 441355 785420 313620 068451 262745 647912 027503 685942 576217 
000817 767724 942630 720758 624778 308291 122476 872188 021330 202003 
867695 892338 081936 128942 078663 997627 913992 064412 317155 969349 
337607 151717 114509 844558 800492 641742 702118 718389 543820 452383 
369904 976934 894597 815287 733075 774675 820843 046819 444530 022701 
272702 829932 799674 063638 727743 314445 587319 016204 553311 267362 
411690 963801 539359 821268 988531 278408 759364 864492 781226 276348 
494956 146975 212025 562745 582573 580791 718971 405307 661937 525080 
013164 090894 287243 541638 405616 774527 441716 390958 620338 886074 
725029 209212 684326 883222 402057 037778 016136 299042 353782 622050 
127871 856972 327352 665620 104803 778964 257463 084264 728049 495278 
428869 226662 580467 817941 600550 511339 167960 101052 182076 399308 
422659 560167 109966 510116 467318 250942 915307 750731 391273 193029 
849022 996347 583833 092215 408196 229699 351651 929308 208593 287852 
149735 338497 212171 906599 060528 410996 348694 730427 810821 016721 
794830 058343 130335 477240 869913 328726 685831 173129 894108 319858 
292199 706333 909658 860647 886540 322541 716427 451353 537514 413784 
866922 405902 555002 526903 161095 651044 865534 029434 056268 020860 
854690 664665 500384 633270 887441 129176 298004 614778 526070 901966 
889687 896939 887542 355656 307057 427063 197290 049259 489401 406892 
732949 239430 399633 793287 715141 657241 713743 259057 648893 083030 
681368 730772 029609 720491 666241 277234 897237 028566 109285 233492 
836925 018845 367357 052067 810572 833886 678053 539828 545894 327573 
316269 478363 649294 171641 616719 204326 605925 265790 104918 222802 
435242 666925 470115 902507 053060 797453 033565 731423 028225 447428 
358430 170383 766206 080020 529816 776897 578739 121309 200047 705277 
109497 512482 749538 469215 499080 754852 950659 499856 228319 465066 
046781 832250 891972 438677 653109 917412 564610 841847 809475 436302 
128361 755988 136889 938300 211624 282765 891726 951505 448241 689549 
329682 112376 248457 493494 564376 081535 863676 680602 135715 653173 
202159 123007 227747 832601 058969 691841 862306 692774 208907 954528 
792384 293822 012214 800903 496714 120796 359786 569274 946923 204715 
970262 104153 075111 278530 394354 901898 303906 773475 716989 225020 
381586 969956 769136 744750 499482 403836 562341 726734 153355 546809 
759694 276075 995290 190134 287400 231069 765016 089528 376145 326453 
845801 794823 106514 613964 367804 240787 057037 058232 298113 041174 
297796 091425 297861 480682 454105 830212 110100 596362 006608 306309 
499639 970732 784002 893195 834294 153201 108906 208682 044430 721270 
177995 264819 185961 101036 671776 025006 020899 309165 689738 645142 
015476 641879 459333 955925 598417 690823 244413 572025 392793 774985 
709037 732277 975298 235696 506707 507387 948390 504774 561469 812203 
828041 537276 072576 541511 840031 842223 872792 646820 422556 651735 
166625 706044 855971 948959 344092 730376 828282 121045 091730 573799 
955736 362664 278159 891443 950779 907666 071045 338584 573552 483391 
040916 407460 690007 127933 788529 159698 509353 795693 055017 156066 
174739 594158 158697 721572 956033 772583 692027 432573 533279 232923 
209421 552384 474209 038463 451610 481427 461169 809459 304708 963133 
504800 206490 078166 571329 589231 982999 212237 485796 759971 794706 
820913 225958 877730 639188 821906 755051 106759 394833 646478 960286 
631410 675823 334856 312515 730880 493880 726695 781234 575926 962709 
103487 104615 531615 578680 146682 258076 624520 528554 186452 811738 
094794 107539 666965 566971 228985 984523 547505 462679 484028 419887 
900470 829001 146004 784120 280556 231053 261121 322426 967471 504181 
460123 269801 576745 887082 211606 221657 811486 553217 674724 535332 
300076 182201 780078 455214 738483 280871 251315 361996 465936 308203 
714324 304955 668604 664954 565221 502786 100229 047726 504145 060632 
240619 151387 237045 623690 858550 757323 659702 010066 478141 437690 
307896 528679 176556 576978 835541 279932 229921 455512 563019 995494 
791917 990756 533917 288120 802386 431928 637150 004466 456669 260518 
654739 634939 171747 093955 524341 606734 944431 591295 691198 485040 
211297 986246 963148 212537 717217 365355 466381 208377 839586 543440 
109937 814412 350594 922711 701025 741243 333215 470563 009711 197034 
152769 387110 581579 273162 797485 847878 718882 360081 789464 126461 
174391 317381 755369 765745 988829 421083 219633 844441 374789 951534 
401248 876309 314387 859640 316674 861383 766276 962042 540445 067966 
068191 243570 575021 856186 805261 992470 251152 624540 051099 302395 
163397 962572 538014 963446 743754 958811 821357 374563 054193 391225 
150408 984456 968972 920016 973737 616743 897323 119670 792737 388670 
990219 686249 474511 022902 616770 185426 628439 145417 515824 456674 
159566 656761 821752 561575 847718 131163 084765 472875 928422 961798 
520632 261749 636303 168314 571913 197767 687195 390482 013065 967608 
267555 631439 919989 731479 498776 862990 766167 747678 316547 439507 
817870 272399 013567 640067 836885 089722 572328 520665 581210 050259 
121177 681416 599193 137465 715155 775055 657813 229116 409366 763845 
810137 822262 954310 135756 006206 758016 527359 420748 648327 724081 
716679 199615 252237 586281 813691 454995 965248 798878 426757 323838 
462281 025576 930146 015773 725501 252612 860131 320951 282167 772175 
191327 004010 241453 164478 163857 895925 928046 388498 676354 012101 
186175 343229 820157 568453 624538 806738 818888 189576 788909 715172 
678777 011996 695825 501970 461906 096847 921440 110655 002452 951039 
612802 740760 706666 511917 154180 632837 624448 622023 882524 319464 
909557 781259 949588 475294 923458 749572 046095 810012 508492 270122 
334512 242027 404183 841206 915347 148049 356091 970703 797036 946333 
131190 7
Only probably prime.
Elapsed time: 240.572 seconds
