                     A Ten Thousand Digit Prime Number

296830 244182 395760 333084 933594 202948 495152 052063 910246 295215 114142
270364 472492 724535 301051 741254 497195 834223 331075 844296 099622 290298
072157 843724 993971 315116 283090 720672 251927 141450 682260 789207 629742
702406 262899 462275 021948 084239 098126 360776 878093 997523 030883 079248
573222 949784 795804 953868 304361 423124 905318 217158 072758 762356 682784
980148 115990 384785 170549 965278 006764 336034 195293 561804 659586 088206
957552 725880 541217 563228 270463 703486 295844 647149 629258 370831 271099
629588 870589 636094 583957 163686 660338 001626 543163 911463 776542 092708
039196 314398 658372 629188 247408 983440 166714 453810 482874 241214 575604
766066 740402 732152 130016 841300 974896 644424 428077 172855 269535 462505
422390 499287 320943 918209 108978 126059 505646 373022 588218 338695 891270
495916 279330 888982 386816 489773 529756 177947 206709 035233 626315 318411
950926 269761 925306 617291 038673 103415 532203 088248 105051 671704 372290
417559 736702 091882 838931 755736 313153 312500 307106 090622 433358 651607
110989 304771 864969 087550 081881 458618 522389 160831 762076 865048 162275
516203 373776 738969 819680 637644 355269 502361 937521 796968 523420 311651
881225 802534 034388 675711 075618 950419 998439 767905 822972 567991 823785
184016 100864 365053 724765 296369 612604 286670 058663 100539 034824 730839
499315 276624 457884 555142 954664 248142 091755 877489 980091 383007 914801
296662 574014 966130 378372 161306 148147 081868 716680 337196 656084 225523
050576 983746 462965 430243 414493 216638 633641 937204 090625 385074 698794
652571 172417 113344 972816 275666 410349 166217 233904 578473 813488 410651
659362 893255 084939 983393 549211 175712 888191 632408 950594 033727 123683
184118 673467 723391 707992 684302 240704 144762 389492 033960 943058 791455
752471 376728 028141 372332 887920 988588 157607 748875 068825 421306 153796
646380 172340 013272 744588 732718 934171 984560 091512 710562 969864 804188
219925 919795 815311 105345 055734 683592 000680 716212 889867 297442 689548
477752 453329 861176 007541 100531 699163 642500 003143 437732 141447 890753
688829 429557 691103 763792 624602 210202 487096 824922 599521 430604 482672
164678 155652 429025 270813 234127 854541 842603 350942 396252 414349 891055
235295 809497 768706 027993 661622 620312 294170 112458 537780 909058 983214
408359 437295 320751 713393 480386 387564 519769 954876 501858 150662 072493
844445 820051 019449 783893 549320 115698 030591 359119 405030 248486 419770
550569 187700 673368 450449 635319 133205 396553 681181 801343 509301 976118
448695 564814 042152 142547 153906 244980 387848 156740 482831 134120 234886
330094 980829 416662 763290 047194 316195 180451 965537 770042 546796 678900
192744 814770 592605 591718 974784 360328 198465 976832 911354 501476 664209
876090 168928 754151 725271 148746 105236 421276 446868 618146 934973 666622
626915 491686 803865 507641 568242 576445 086578 597313 907059 526335 838618
046833 528922 650830 306818 809704 120719 436139 932999 806690 207130 329235
988712 682609 103972 556677 610521 744708 961680 650206 402139 703902 180591
379900 287092 334758 147430 594077 225081 142861 968514 656688 166364 917731
557264 792144 846352 204909 045551 200010 595753 377923 061284 407777 773697
749761 402396 201933 964132 317956 399015 884821 233131 758292 709640 244076
795730 705944 078555 570227 790799 979260 220320 660270 257744 427786 665182
068356 028167 010583 708975 483766 507360 826406 465940 499270 769648 751414
194644 938416 233510 513174 683393 209091 943866 098273 188255 546941 046584
430474 177682 657541 461309 326136 779343 736658 252284 823263 145999 969503
706983 770750 764828 238920 440040 863994 431505 262834 356506 881655 576016
631887 220906 208383 344878 948241 691531 038071 935080 961746 484209 452151
536526 947261 224407 758399 714236 731746 250507 258372 703523 368990 143686
165481 863714 799145 796044 718046 182957 178067 324291 036750 770562 614542
593257 157215 890348 360488 738177 337977 398618 938427 784390 361132 063681
781134 494190 936831 706991 902823 226454 705211 052296 221191 431864 105901
780109 711035 030467 589048 868245 498854 008323 213517 123814 866180 841320
787929 612118 937253 794092 431461 455126 236360 092507 916684 645723 457144
601328 625544 165722 987037 162005 484388 460718 584213 989956 564835 826568
232761 466025 436810 712400 200908 992773 023063 119901 457263 457023 096943
386322 828138 469879 154991 617879 781648 088638 963056 377966 160871 067407
676647 766424 243332 902979 517555 956731 238375 180051 227149 859236 983217
532727 202408 151655 326194 255714 389645 617720 479410 002094 855037 348157
601502 822298 034376 544052 305788 577972 145919 978004 773161 669713 754550
011295 508257 474537 937184 786659 114922 128969 172813 690342 508139 403871
823130 053800 958892 716696 582829 797391 104479 226187 140019 564138 347335
848906 347600 441559 483242 134931 254558 401124 969647 977399 610092 365819
180119 313832 952340 773333 529642 511969 349444 865256 454985 714281 391858
495906 270772 739140 440929 692650 229590 445298 539541 500145 773657 909965
849971 456776 551895 406686 081398 697426 003176 228859 140208 062545 199633
027600 051959 705198 914861 957170 673830 004015 507377 723530 274268 578402
544355 385705 633038 682584 342034 237629 386673 710077 091122 327865 145478
532610 668963 062555 150847 300191 495781 371848 429325 406863 678081 632322
455665 060646 814977 889416 317772 231295 921991 467277 863758 385454 669068
470753 389498 270494 155672 287295 747465 500948 695196 817421 703762 110897
301091 483628 390751 318173 715138 442931 132012 891629 290427 597013 368071
937669 020010 447868 244225 696690 611775 593772 533561 948624 390746 586487
972599 220955 422979 256279 157332 050614 970492 143544 327060 636554 191773
538203 827718 062522 642471 324412 286511 692444 625458 339061 577339 461324
142276 128658 574256 389196 418057 988979 015775 280882 774937 275237 233836
004873 754184 205749 474977 039517 183430 746422 638568 492909 738712 267749
181747 051504 288900 570351 755357 307852 860742 044302 824648 072042 342393
732104 699490 647309 948406 233099 569922 897493 493388 200247 919885 163262
773841 751269 829388 670636 469374 518926 697723 799601 319028 359448 977563
002069 972946 288155 516901 894339 987626 669508 276710 160527 956365 445208
056866 400427 600512 150878 690188 180322 001918 266674 323177 209985 079413
075231 123782 886612 872344 040548 677422 855029 984760 267013 768318 998385
190417 927057 760531 410032 450166 226554 134167 574462 097730 215555 619888
568386 530522 585067 722095 334320 173330 827874 737432 304882 264249 789118
957288 714722 313992 746090 981269 077101 394499 831494 097208 860662 693644
606293 336402 969133 339195 080595 718887 103304 604423 957638 857166 006064
889521 208228 523922 311753 916256 338866 596932 331384 132261 250317 019312
422096 357903 547200 255967 039578 485883 644633 931711 448819 784056 244257
466368 213336 675453 097866 336503 926625 457504 877955 787192 714488 700544
266237 236733 606741 429302 427238 592041 233528 667380 554435 608861 091854
994743 671011 634930 434222 211434 048005 767651 900906 965878 211607 733118
333826 391235 703307 985721 786153 162494 516117 139613 215192 632866 833240
082425 257813 069188 836440 464315 659488 617152 791632 420572 830077 215073
415744 966026 436742 966847 049110 066973 544161 391352 271284 979959 414671
818058 749504 583328 831070 694766 999256 844972 651319 328427 591890 044361
155451 356731 623758 960554 829517 168457 515952 172931 303858 143222 913249
373506 166373 389259 417856 575698 114866 221066 215707 718515 655589 715974
434166 664749 229923 686419 085489 292911 758012 555712 233685 733905 064896
600609 391936 360135 801984 735858 371681 291647 368518 650401 537983 733214
718424 713598 188464 271665 023228 981091 302708 985008 011139 110505 503933
806464 754825 174391 718921 022337 594337 709862 499879 581963 450649 019406
365114 290285 978776 834809 719158 587944 948469 453493 757922 813766 002058
272013 965338 741139 238559 564558 183398 658749 846492 521272 286086 983988
941763 573742 792630 900636 009861 481448 032640 034509 687579 463924 477710
199125 793938 021690 965235 316279 331203 767714 278073 397516 605642 863164
307278 394844 498100 042593 209033 263299 677953 067335 916991 989139 672822
646379 848377 681750 889602 319582 860004 658053 543128 940118 801816 139105
989608 588613 171030 403872 793325 948118 588154 210919 094643 766378 222250
939242 542800 219829 912059 943014 041553 817437 040461 403265 690565 338684
551159 096361 532342 253146 609603 512239 850312 128633 764907 502417 318377
004402 181115 166636 605419 092162 384202 050405 262031 583026 718882 718965
209967 857332 307784 003187 699604 727162 785368 441356 911254 261747 126290
774594 756368 287476 961194 025747 677438 796416 290941 661195 427447 676983
101971 105941 129013 563307 937832 828888 487910 805024 137043 144097 308687
298218 932682 195692 799050 679343 855647 322662 182607 855043 210725 105171
437826 498689 799380 992571 349241 697531 278973 241176 996261 209617 053492
424587 245850 634086 214567 913443 909699 956761 934374 218747 798000 023396
364577 105559 905235 993499 980154 368282 190975 057575 840795 156252 903956
268327 194557 871204 661522 438515 682624 365865 947280 992886 902014 226216
377248 690470 759240 747283 104470 935037 961259 479774 977856 136391 362595
960501 078321 143696 431367 439393 213460 767826 956192 355873 896148 839449
304063 048352 974958 625926 779496 271203 360114 436573 973061 663060 383943
725984 740480 171799 708275 556813 071279 057049 913158 763240 708296 762603
453177 431063 922495 817531 748965 052600 546294 327110 448305 871637 847265
779425 517606 884186 188082 085117 834284 366202 558544 792919 884279 638591
226632 594323 873810 879218 771693 394033 126591 948376 884573 147904 712278
155733 091202 241150 425821 513398 046509 251569 088661 849200 630804 148774
404642 714787 266987 625215 927649 293996 386335 422003 873926 482106 372030
189682 824834 928318 778067 328916 946918 596584 590204 048208 025021 123100
130872 327768 922293 633233 391483 867375 842021 276046 100279 423151 464548
322324 628684 334209 718638 229217 600911 180116 188504 894347 229931 036990
491975 884285 082466 441413 004153 452947 315853 644276 414548 734166 708324
737212 817841 186242 473921 444902 413288 932856 390611 845242 607678 337207
635392 734630 833395 561693 327430 350057 012445 034270 249028 311506 191964
446880 746571 087481 453860 137428 321271 279963 304631 748014 670588 558613
013422 167460 937156 239327 362199 137695 359823 957207 131184 836004 775012
382082 240804 898986 915398 298858 893507 258785 684259 061903 291860 751194
186951 201357 717140 851050 725011 640976 920674 598805 832238 478098 028547
158398 654140 661404 564843 525103 390154 982579 945274 272094 310981 326249
806320 259456 432415 714866 946908 816795 000834 929266 210174 721912 068188
806372 253144 654525 882225 948374 106347 682125 238049 649732 793385 016678
559435 583866 236380 806817 738395 703528 695258 483007 727682 654383 455561
472111 934402 349863 780012 904382 918337 751961 635657 260608 687526 717687
063602 387239 878020 357452 748864 753527 134623 217681 331469 855693 166220
012724 016580 049846 683440 008326 772959 019403 637976 461859 540738 783970
315698 184560 546721 506522 245206 101533 040230 194369 429951 763436 697114
620158 956546 007520 277943 426533 503225 318175 477001 291591 298758 382643
118117 069598 095275 543456 638520 774221 099050 488179 058417 639323 010671
974205 083446 436143 724765 110936 9501

