$ time ./makeprime 1000  --twin
Number of threads: 8
*******************************************************************************
************

1754 1124 2200 0061 0594 6893 5628 7403 8252 3641 9193 5802 6894 3794 1928 8972
0810 4859 5388 9771 2107 5357 5366 7401 7008 8935 0720 6409 5888 0750 7273 4334
7813 3690 4095 5355 9195 4376 2351 9797 5336 8060 3102 6969 9163 5895 2439 3746
5990 4465 5714 0681 8872 8606 3802 6683 6047 6649 5818 6279 1104 8293 3261 1169
7122 2242 5454 9786 8512 6304 2451 2542 7546 4414 8608 7787 2873 4370 5719 2805
8650 1162 0186 2561 3403 6636 1437 6104 4472 1343 2581 0666 5083 9388 7072 5313
9510 7402 2184 0367 1610 7182 8448 7427 8564 0989 4660 9208 1281 2140 2573 4266
3697 0242 1422 1727 0893 8720 7372 5401 2555 6008 7343 6291 0629 2461 7478 5350
0508 7779 2392 4517 5067 9607 1593 0845 6706 9544 1639 3892 8598 2693 0455 1212
7076 3558 1128 2126 8409 8424 5381 1411 1730 2514 6421 9591 1098 8664 8071 2363
6487 7347 7730 8647 7564 8609 6523 7317 9687 1329 7857 4351 9024 2521 7887 5823
1993 8023 1611 6956 4696 1273 0026 1332 1962 9468 3161 2545 4792 0873 0596 9791
8681 2196 5545 0820 4735 9332 0061 7432 9860 8280 1434 7640 3276 9740 5361 5230
2478 8019 4606 4536 9362 0124 4588 9299 9204 0252 7695 2785 7816 7861 7851 6198
0138 6686 8772 5850 7316 1467 8792 7994 5676 9443 7226 9041 0299 1836 3508 3461
8786 3754 1948 8551 2057 4727 4002 2335 5491 5989

1754 1124 2200 0061 0594 6893 5628 7403 8252 3641 9193 5802 6894 3794 1928 8972
0810 4859 5388 9771 2107 5357 5366 7401 7008 8935 0720 6409 5888 0750 7273 4334
7813 3690 4095 5355 9195 4376 2351 9797 5336 8060 3102 6969 9163 5895 2439 3746
5990 4465 5714 0681 8872 8606 3802 6683 6047 6649 5818 6279 1104 8293 3261 1169
7122 2242 5454 9786 8512 6304 2451 2542 7546 4414 8608 7787 2873 4370 5719 2805
8650 1162 0186 2561 3403 6636 1437 6104 4472 1343 2581 0666 5083 9388 7072 5313
9510 7402 2184 0367 1610 7182 8448 7427 8564 0989 4660 9208 1281 2140 2573 4266
3697 0242 1422 1727 0893 8720 7372 5401 2555 6008 7343 6291 0629 2461 7478 5350
0508 7779 2392 4517 5067 9607 1593 0845 6706 9544 1639 3892 8598 2693 0455 1212
7076 3558 1128 2126 8409 8424 5381 1411 1730 2514 6421 9591 1098 8664 8071 2363
6487 7347 7730 8647 7564 8609 6523 7317 9687 1329 7857 4351 9024 2521 7887 5823
1993 8023 1611 6956 4696 1273 0026 1332 1962 9468 3161 2545 4792 0873 0596 9791
8681 2196 5545 0820 4735 9332 0061 7432 9860 8280 1434 7640 3276 9740 5361 5230
2478 8019 4606 4536 9362 0124 4588 9299 9204 0252 7695 2785 7816 7861 7851 6198
0138 6686 8772 5850 7316 1467 8792 7994 5676 9443 7226 9041 0299 1836 3508 3461
8786 3754 1948 8551 2057 4727 4002 2335 5491 5991

./makeprime 1000  --twin  2537 0.57s user 27.92s system 761% cpu 55:34.02 total
